000000000
000000000
000000000
000000000
000000000
000000000
000000000
000000000
000000000
000000000
000000000
011101110
002202200
000303000
000000000
055000550
 0000000 
  00000  
00 000 00
500 0 000
00 000 00
0 00000 0
0000 0000
000   000
00     00
00000 000
55555 000
0000  000
000  0000
00   0000
0   0000 
   1111  
   2111  
  2222   
 32222   
 3333    
43333    
4444     
000000000
000000000
000000000
000000000
000000000
 0000000 
  00000  
00 000 00
000 0 000
00 000 00
0 00000 0
0000 0000
000   000
00     00
00000 000
00000 000
0000  000
000  0000
00   0000
0   0000 
   0000  
   0000  
  0000   
 00000   
 0000    
00000    
0000     
000000000
000000000
000000000
000000000
000000000
000000000
000000000
000000000
000000000
000000000
000000000
000000000
000000000
000000000
000000000
000000000
000000000
000000000
000000000
000000000
000000000
000000000
000000000
000000000
000000000
000000000
000000000
000000000
000000000
000000000
000000000
